17 17
17 33
17 49
17 65
17 81
17 97
17 113
17 129
17 145
17 161
17 177
17 193
17 241
17 257
17 305
17 321
17 337
17 353
17 369
17 385
33 17
33 65
33 81
33 97
33 113
33 193
33 209
33 337
33 353
33 369
33 385
49 17
49 65
49 385
65 17
65 33
81 17
81 33
81 225
81 353
97 17
97 33
97 321
113 17
113 241
113 321
129 241
129 257
129 273
129 289
129 305
129 321
145 33
145 161
161 33
177 33
177 289
177 305
193 289
209 161
209 225
209 289
225 33
225 289
225 305
241 33
257 33
257 385
273 33
289 385
305 113
305 385
321 33
321 225
321 385
337 33
337 225
353 161
417 305
417 321
433 49
433 65
433 305
433 321
449 33
449 65
449 129
449 145
449 225
465 33
465 129
481 33
481 65
481 257
497 145
497 161
513 145
513 161
513 241
513 385
529 161
529 241
529 385
545 145
545 161
545 385
561 161
561 385
577 65
577 81
577 161
673 33
673 321
673 353
673 385
689 33
705 209
705 225
705 241
721 33
737 33
753 17
753 33
753 257
753 273
753 289
769 17
769 33
785 17
785 33
801 33
801 49
801 65
801 81
801 209
801 337
801 353
801 369
801 385
801 401
