9 15
11 13
11 15
11 217
11 281
11 421
13 11
13 231
13 295
15 9
15 11
15 229
15 231
15 293
15 295
21 421
41 237
41 239
41 293
41 295
41 297
41 299
41 329
41 331
41 333
41 335
43 237
45 311
45 313
49 93
49 95
49 209
49 211
49 213
49 215
49 275
49 281
49 341
49 343
49 345
49 347
49 369
49 371
51 273
51 275
51 281
51 345
53 99
53 303
53 359
53 361
55 235
55 241
55 243
55 245
55 247
55 249
55 251
55 253
55 303
55 305
57 113
57 115
57 257
57 301
57 303
57 379
59 211
59 213
59 215
59 217
59 257
59 259
61 123
61 125
61 127
61 217
61 235
61 241
61 243
61 245
61 247
61 249
61 251
61 253
61 255
61 257
61 259
63 217
65 57
65 59
65 61
65 63
65 65
65 67
65 69
65 71
65 155
65 157
65 159
65 217
67 217
69 173
69 175
69 177
69 391
73 359
75 121
75 225
75 227
75 229
75 231
75 233
75 235
75 237
75 239
75 241
75 243
75 245
75 247
75 249
75 251
75 253
75 255
75 257
75 259
75 261
75 263
75 265
75 267
75 269
75 271
75 273
75 275
75 277
75 279
75 281
75 283
75 285
75 357
75 359
75 369
77 193
77 213
77 215
77 273
77 283
77 369
77 395
77 409
77 411
79 125
79 127
79 129
79 131
79 133
79 193
79 215
79 355
79 369
79 371
79 409
81 133
81 187
81 193
81 215
81 269
81 399
81 409
83 187
83 193
83 215
83 269
83 409
85 129
85 189
85 191
85 193
85 215
87 129
87 215
87 377
87 379
89 129
89 215
89 249
91 129
91 215
91 323
91 325
91 327
91 329
91 349
91 351
93 103
93 129
93 215
93 309
93 319
93 385
95 103
95 105
95 129
95 131
95 165
95 283
95 285
95 287
95 289
95 291
95 293
95 295
95 297
95 299
95 309
95 311
95 313
95 315
95 317
95 319
95 333
95 385
97 105
97 163
97 169
97 217
97 219
97 237
97 239
97 245
99 105
99 107
99 133
99 163
99 169
99 245
99 247
101 83
101 89
101 133
101 163
101 223
101 233
101 243
103 83
103 89
103 133
103 163
103 173
103 233
103 243
103 337
105 65
105 83
105 89
105 101
105 103
105 133
105 163
105 165
105 167
105 227
105 233
105 351
107 83
107 133
107 167
107 193
107 227
107 233
107 255
107 351
107 393
109 83
109 85
109 87
109 133
109 193
109 351
111 83
111 85
111 193
111 235
111 237
111 239
111 351
113 41
113 43
113 83
113 85
113 123
113 129
113 177
113 179
113 181
113 183
113 185
113 187
113 189
113 191
113 235
115 123
115 179
117 33
117 47
117 123
117 223
117 337
119 33
119 47
119 123
119 221
119 223
119 229
119 337
121 47
121 229
121 337
123 47
123 215
123 229
123 337
123 389
125 11
125 47
125 129
125 215
125 337
125 389
127 47
127 129
127 131
127 215
127 337
127 389
129 129
129 215
129 239
129 337
129 389
131 75
131 77
131 129
131 151
131 153
131 177
131 179
131 181
131 183
131 185
131 215
131 237
131 239
131 337
131 359
133 47
133 71
133 151
133 215
133 337
133 359
133 385
135 41
135 45
135 47
135 69
135 71
135 151
135 215
135 233
135 337
135 339
135 359
137 125
137 157
137 159
139 103
139 159
141 73
141 159
141 229
141 237
141 239
141 337
141 377
143 159
143 239
143 359
143 377
145 69
145 105
145 119
145 121
145 159
145 219
145 221
145 223
145 243
145 325
145 359
145 373
145 375
145 377
147 159
147 219
147 221
147 243
147 373
149 57
149 59
149 61
149 63
149 219
149 221
149 243
149 289
149 299
149 301
149 303
149 321
149 369
149 371
151 219
151 221
151 303
151 411
151 413
151 415
151 417
151 419
153 219
153 251
153 253
153 255
153 257
153 259
153 267
153 269
153 271
153 277
153 279
153 281
153 283
153 285
153 287
153 421
155 219
155 271
155 277
155 421
157 219
157 273
157 421
159 273
161 163
161 269
161 271
161 411
161 413
161 415
161 417
163 163
163 309
163 311
163 313
163 315
163 317
163 413
165 167
167 49
167 51
167 53
167 55
167 57
167 59
167 109
167 139
167 141
167 143
167 145
167 147
167 321
167 323
167 325
169 57
169 59
169 61
169 109
169 171
169 235
169 325
169 351
171 109
171 135
171 171
171 241
171 243
171 245
171 247
171 299
171 325
171 349
171 351
171 361
171 363
171 365
171 367
173 49
173 51
173 53
173 171
173 325
173 327
173 365
175 69
175 71
175 73
175 131
175 171
175 257
175 259
175 261
175 325
175 339
175 365
177 63
177 73
177 75
177 131
177 339
177 365
179 63
179 73
179 131
179 273
181 143
181 239
181 343
183 49
183 51
183 53
183 55
183 127
183 167
183 405
183 407
183 409
185 69
185 71
185 127
185 129
185 131
185 133
185 231
185 271
185 409
187 231
187 271
187 409
189 65
189 231
189 241
189 271
189 325
189 391
189 409
191 229
191 231
191 241
191 271
191 325
191 327
191 387
191 389
191 391
193 231
193 241
193 271
193 327
193 329
193 333
193 351
193 353
193 405
195 79
195 81
195 231
195 241
195 271
195 331
195 333
195 343
195 345
195 347
195 349
195 351
195 353
195 383
197 231
197 241
197 271
197 383
197 401
199 231
199 241
199 243
199 271
199 383
201 271
201 273
201 383
201 401
203 71
203 227
203 271
203 313
205 69
205 71
205 77
205 167
205 271
205 287
205 313
205 353
205 393
205 395
207 71
207 123
207 125
207 127
207 167
207 271
207 277
207 287
207 313
207 353
207 389
207 391
207 393
209 119
209 271
209 287
209 313
209 353
211 85
211 87
211 97
211 117
211 119
211 271
211 285
211 287
211 313
213 87
213 119
213 121
213 123
213 125
213 241
213 271
213 273
213 275
213 277
213 279
213 313
213 353
215 87
215 119
215 157
215 159
215 219
215 241
215 271
215 281
215 283
215 313
215 353
217 87
217 97
217 219
217 339
217 353
219 87
219 97
219 219
219 221
219 223
219 339
219 353
219 397
221 31
221 87
221 97
221 219
221 241
221 285
221 287
221 339
221 353
223 31
223 97
223 219
223 241
223 279
223 353
225 31
225 91
225 165
225 167
225 219
225 225
225 227
225 241
225 279
225 343
225 353
225 395
227 31
227 167
227 241
227 279
227 353
229 31
229 167
229 231
229 241
229 271
229 353
229 399
229 405
231 31
231 231
231 241
231 271
231 353
231 383
231 385
231 387
231 399
231 405
233 31
233 241
233 353
233 383
233 399
233 401
233 403
233 405
235 31
235 115
235 117
235 119
235 227
235 241
235 383
237 31
237 115
237 241
237 287
237 347
237 383
239 31
239 115
239 241
239 383
239 385
239 387
239 389
241 31
241 115
241 185
241 383
243 31
243 161
243 163
243 165
243 167
243 185
243 383
245 31
245 119
245 159
245 185
245 241
245 293
245 295
245 309
245 311
245 319
245 353
245 383
247 31
247 119
247 159
247 185
247 241
247 243
247 295
247 319
247 325
247 351
247 353
247 383
249 31
249 161
249 163
249 169
249 171
249 185
249 299
249 319
249 325
249 353
249 383
251 31
251 111
251 113
251 115
251 163
251 185
251 225
251 227
251 229
251 231
251 271
251 347
251 353
251 383
251 393
253 31
253 111
253 227
253 241
253 271
253 273
253 347
253 353
253 383
253 393
255 31
255 111
255 227
255 241
255 271
255 273
255 275
255 347
255 353
255 383
255 393
257 31
257 121
257 123
257 125
257 227
257 241
257 271
257 353
257 383
257 409
259 31
259 121
259 125
259 171
259 241
259 271
259 277
259 353
259 383
259 409
261 31
261 109
261 111
261 231
261 241
261 271
261 277
261 383
261 409
263 29
263 31
263 231
263 241
263 271
263 277
263 381
263 383
263 409
265 233
265 235
265 241
265 271
267 235
267 241
267 271
269 125
269 231
269 233
269 271
269 401
269 403
271 121
271 123
271 125
271 159
271 227
271 229
271 231
271 233
271 271
273 185
273 187
273 233
273 271
273 273
273 275
273 277
273 383
273 393
275 103
275 113
275 115
275 185
275 223
275 233
275 383
275 393
277 103
277 113
277 117
277 119
277 185
277 383
279 103
279 185
279 383
281 103
281 185
281 225
281 227
281 241
281 383
283 103
283 185
283 237
283 239
283 241
283 383
283 393
283 395
283 397
285 31
285 57
285 59
285 103
285 105
285 107
285 109
285 185
285 241
285 383
287 31
287 57
287 185
287 241
287 271
287 273
287 275
287 277
287 383
287 409
289 31
289 103
289 171
289 185
289 239
289 241
289 271
289 281
289 383
289 409
291 31
291 103
291 171
291 185
291 239
291 241
291 271
291 281
291 383
291 409
293 31
293 111
293 185
293 241
293 271
293 281
293 383
295 31
295 95
295 97
295 111
295 117
295 119
295 185
295 241
295 271
295 281
295 327
295 383
297 31
297 95
297 101
297 185
297 239
297 241
297 271
297 327
297 383
297 409
299 31
299 95
299 101
299 103
299 185
299 239
299 241
299 271
299 327
299 383
299 409
301 31
301 95
301 97
301 99
301 239
301 241
301 271
301 281
301 327
301 329
301 383
303 31
303 133
303 271
303 327
303 329
303 383
305 31
305 107
305 133
305 143
305 271
305 327
305 329
305 383
307 31
307 143
307 271
307 327
307 329
307 383
309 31
309 109
309 111
309 129
309 143
309 271
309 327
309 329
309 383
309 405
311 29
311 31
311 65
311 67
311 69
311 71
311 73
311 75
311 77
311 111
311 143
311 149
311 241
311 271
311 285
311 287
311 289
311 291
311 293
311 383
311 405
311 407
313 111
313 143
313 145
313 147
313 241
313 271
313 383
315 111
315 133
315 135
315 141
315 143
315 221
315 223
315 241
315 271
315 381
315 383
317 31
317 77
317 129
317 131
317 141
317 231
317 241
317 271
317 289
317 291
319 31
319 77
319 129
319 231
319 241
319 271
319 409
321 31
321 53
321 71
321 127
321 129
321 169
321 173
321 175
321 271
321 409
323 31
323 53
323 127
323 271
323 409
323 411
323 413
325 31
325 53
325 271
325 383
327 31
327 53
327 271
327 285
327 295
327 297
327 327
327 383
329 31
329 223
329 241
329 271
329 285
329 287
329 327
329 383
329 409
329 411
331 29
331 31
331 57
331 219
331 221
331 223
331 241
331 287
331 327
331 383
331 409
333 185
333 187
333 219
333 241
333 287
333 327
333 383
333 409
335 79
335 89
335 125
335 127
335 133
335 185
335 219
335 241
335 287
335 297
335 327
335 383
335 409
337 57
337 89
337 127
337 129
337 131
337 185
337 219
337 241
337 295
337 297
337 327
337 383
337 401
337 403
337 409
339 89
339 185
339 241
339 243
339 295
339 297
339 383
339 409
341 79
341 165
341 167
341 185
341 297
341 383
341 407
341 409
343 79
343 185
343 271
343 273
343 289
343 297
343 383
343 409
345 71
345 223
345 241
345 271
345 273
345 295
345 297
345 383
347 57
347 69
347 71
347 89
347 155
347 157
347 159
347 223
347 241
347 271
347 273
347 275
347 295
347 297
347 383
349 31
349 71
349 89
349 155
349 161
349 271
349 297
349 383
351 31
351 161
351 163
351 271
351 289
351 291
351 297
351 299
351 383
353 31
353 53
353 55
353 73
353 75
353 85
353 159
353 221
353 223
353 271
353 291
353 383
355 31
355 53
355 159
355 223
355 271
355 291
355 383
357 31
357 49
357 51
357 123
357 159
357 223
357 271
357 273
357 275
357 291
357 297
357 383
359 31
359 123
359 159
359 223
359 271
359 297
359 383
361 31
361 119
361 159
361 383
363 117
363 119
363 153
363 155
363 157
363 159
365 33
365 35
365 41
365 43
365 119
365 329
367 35
367 327
367 329
367 331
367 383
367 385
369 35
369 327
369 383
369 393
371 35
371 151
371 271
371 273
371 275
371 277
371 279
371 281
371 327
371 383
371 393
373 31
373 137
373 139
373 271
373 327
373 333
373 351
373 383
373 393
375 31
375 73
375 75
375 77
375 271
375 327
375 333
375 351
375 383
375 393
377 31
377 145
377 147
377 153
377 271
377 285
377 327
377 333
377 351
377 353
377 383
377 393
379 29
379 31
379 93
379 115
379 117
379 119
379 147
379 153
379 271
379 327
379 333
379 351
379 353
379 383
379 393
381 47
381 53
381 71
381 115
381 125
381 149
381 151
381 271
381 295
381 297
381 327
381 351
381 353
381 383
381 393
383 41
383 43
383 45
383 47
383 71
383 115
383 151
383 221
383 271
383 295
383 297
383 327
383 353
383 383
383 393
385 31
385 45
385 47
385 97
385 155
385 281
385 295
385 383
387 31
387 45
387 59
387 97
387 111
387 155
387 165
387 219
389 31
389 45
389 155
389 165
389 219
389 267
389 389
391 31
391 45
391 107
391 155
391 165
391 219
391 255
391 257
391 259
391 267
391 359
391 365
391 367
393 155
393 165
393 185
393 187
393 251
395 155
395 185
395 373
397 155
397 175
397 185
397 365
397 367
397 369
397 371
397 385
399 31
399 33
399 35
399 155
399 175
399 185
399 367
399 385
399 387
401 31
401 45
401 155
401 157
401 159
401 161
401 185
401 373
401 375
401 385
403 31
403 45
403 161
403 171
403 185
405 31
405 161
405 171
405 251
405 311
405 379
407 31
407 171
407 219
407 221
407 249
407 251
407 261
407 311
407 321
409 31
409 97
409 99
409 171
409 181
409 183
409 219
409 247
411 31
411 47
411 53
411 55
411 171
411 183
411 219
411 247
411 269
411 303
411 325
413 31
413 47
413 219
413 273
415 31
415 47
415 167
415 219
415 225
415 273
415 295
415 297
415 299
415 395
415 397
417 31
417 57
417 59
417 67
417 89
417 91
417 167
417 219
417 233
417 235
417 257
417 269
417 271
417 273
417 295
417 337
417 395
417 397
417 409
419 31
419 57
419 89
419 165
419 167
419 219
419 235
419 269
419 273
419 337
419 395
419 397
419 409
421 31
421 71
421 89
421 111
421 219
421 245
421 247
421 265
421 267
421 359
421 361
421 395
421 409
423 31
423 71
423 89
423 111
423 161
423 163
423 219
423 247
423 265
423 357
423 359
423 361
423 363
423 395
423 401
423 405
423 407
423 409
425 31
425 75
425 111
425 169
425 171
425 219
425 247
425 257
425 265
425 299
425 341
425 395
425 409
427 31
427 41
427 43
427 45
427 47
427 75
427 111
427 219
427 341
427 409
427 411
429 31
429 75
429 89
429 111
429 175
429 219
429 399
431 57
431 75
431 89
431 109
431 111
431 155
431 161
431 175
431 219
431 251
433 39
433 89
433 107
433 117
433 155
433 251
433 337
433 355
433 407
435 39
435 89
435 117
435 155
435 171
435 249
435 251
435 299
435 407
437 39
437 81
437 83
437 115
437 117
437 155
437 251
437 299
439 39
439 81
439 155
439 337
441 39
441 155
441 253
441 405
441 407
441 409
443 39
445 31
445 85
445 163
445 251
445 253
445 409
447 31
447 85
447 109
447 111
447 163
447 245
447 247
447 249
447 251
447 253
447 409
449 31
449 299
449 405
449 407
451 31
451 89
451 107
451 273
451 297
451 299
451 375
451 377
453 31
453 89
453 107
453 173
453 175
453 265
453 267
453 301
453 337
453 373
453 375
453 377
453 379
455 29
455 31
455 89
455 107
455 175
455 265
455 283
455 285
455 287
455 289
455 291
457 49
457 51
457 113
457 115
457 175
457 241
457 243
457 245
457 247
457 265
457 281
457 283
457 301
457 305
457 307
457 309
457 311
459 49
459 175
459 247
459 265
459 283
459 301
461 119
461 253
461 255
461 291
463 119
463 169
463 255
465 165
465 167
465 175
465 185
465 255
465 299
465 301
465 317
465 319
467 185
467 255
467 261
467 299
467 301
467 319
467 417
467 419
469 79
469 123
469 179
469 255
469 299
469 319
471 235
471 237
471 255
471 415
473 79
473 89
473 127
473 183
473 185
473 235
473 415
475 63
475 65
475 67
475 69
475 79
475 127
475 183
475 185
475 413
475 415
477 63
477 127
477 145
477 185
477 233
477 235
477 265
479 63
479 93
479 127
479 179
479 185
479 233
479 265
479 267
479 269
479 271
479 273
479 275
481 31
481 81
481 127
481 133
481 135
481 137
481 185
481 219
481 229
481 251
481 411
481 421
483 31
483 57
483 59
483 127
483 133
483 151
483 153
483 175
483 185
483 219
483 229
483 411
485 31
485 81
485 91
485 93
485 185
485 219
485 229
485 411
487 31
487 81
487 83
487 85
487 87
487 89
487 91
487 171
487 185
487 331
487 337
489 31
489 49
489 63
489 89
489 93
489 151
489 277
489 295
489 337
491 31
491 49
491 119
491 121
491 123
491 129
491 151
491 277
491 295
491 327
493 31
493 119
493 129
493 167
493 273
493 275
493 277
493 327
495 31
495 119
495 129
495 165
495 167
495 233
495 273
495 327
495 383
495 385
497 31
497 41
497 43
497 63
497 77
497 79
497 81
497 83
497 119
497 233
497 273
497 295
497 327
497 329
497 383
497 389
499 31
499 63
499 97
499 119
499 233
499 247
499 295
499 297
499 327
499 329
499 383
499 389
501 31
501 37
501 63
501 97
501 119
501 247
501 273
501 297
501 327
501 383
501 389
503 31
503 63
503 97
503 137
503 139
503 219
503 247
503 273
503 327
503 381
503 383
503 389
505 31
505 69
505 91
505 123
505 219
505 221
505 295
505 297
507 31
507 51
507 53
507 55
507 123
507 297
507 349
507 351
509 31
509 101
509 123
509 353
511 31
511 41
511 43
511 101
511 353
511 393
511 397
511 399
513 31
513 99
513 127
515 31
515 99
515 235
517 31
517 99
517 101
517 131
517 235
519 101
519 235
521 235
521 345
523 235
523 345
525 235
525 291
525 297
527 235
527 273
527 291
527 297
527 349
527 351
527 353
529 135
529 153
529 155
529 265
529 267
529 273
529 353
529 401
531 135
531 335
531 353
531 401
533 145
533 345
533 383
535 287
535 345
535 383
537 101
537 287
537 383
539 99
539 101
539 287
539 383
541 99
541 131
541 155
541 287
541 327
541 349
541 383
541 409
543 31
543 99
543 131
543 149
543 151
543 153
543 155
543 327
543 349
543 351
543 383
543 409
545 31
545 99
545 131
545 137
545 139
545 141
545 143
545 231
545 327
545 383
545 409
547 31
547 99
547 143
547 231
547 327
547 381
547 383
547 409
549 31
549 99
549 143
549 231
549 253
549 297
549 327
549 337
549 339
549 409
551 31
551 99
551 231
551 253
551 297
551 327
551 409
553 31
553 109
553 231
553 253
553 297
553 327
553 409
555 29
555 31
555 109
555 231
555 253
555 265
555 297
555 327
555 409
557 143
557 231
557 297
557 327
557 409
559 135
559 137
559 139
559 141
559 143
559 229
559 231
559 297
561 135
561 149
561 151
561 405
563 135
563 257
565 135
565 145
565 155
567 145
567 155
567 227
567 291
569 109
569 137
569 139
569 253
569 291
569 297
571 73
571 75
571 77
571 79
571 109
571 139
571 149
571 291
571 297
573 109
573 249
573 291
573 297
575 291
575 297
575 327
575 329
577 105
577 151
577 227
577 327
579 105
579 149
579 151
579 327
579 333
581 237
581 239
581 241
581 243
581 283
581 327
583 281
583 283
583 327
583 337
583 339
585 327
585 383
585 393
587 327
587 341
587 383
589 97
589 99
589 101
589 119
589 297
589 327
589 341
589 383
591 97
591 127
591 297
591 341
591 343
591 383
593 117
593 119
593 125
593 297
593 385
595 243
595 297
597 73
597 75
597 85
597 243
597 257
597 259
597 297
599 241
599 243
599 257
599 297
599 299
601 65
601 67
601 75
601 167
601 173
601 175
601 257
601 293
601 295
603 65
603 75
603 77
603 79
603 89
603 99
603 101
605 65
605 85
605 87
605 167
605 169
605 239
605 253
605 407
605 409
607 65
607 87
607 167
607 169
607 233
607 235
607 237
607 239
607 405
607 407
607 409
609 83
609 85
609 87
609 167
609 241
609 249
611 101
611 167
611 397
611 399
613 105
613 167
613 235
613 241
615 105
615 107
615 343
615 345
615 347
615 349
615 395
617 95
617 171
617 395
619 95
619 113
619 115
619 171
619 357
619 359
619 361
619 395
621 95
621 113
621 115
621 171
621 331
621 395
623 95
623 113
623 171
623 267
623 269
623 271
623 273
623 275
623 327
623 329
623 331
623 365
623 367
623 369
623 395
625 113
625 171
625 327
625 369
625 395
627 171
627 261
627 263
627 327
627 369
627 395
629 175
629 255
629 281
629 301
629 395
631 175
631 255
631 281
631 283
631 291
631 301
631 311
631 377
631 379
631 385
631 393
631 395
633 105
633 107
633 175
633 255
633 285
633 287
633 289
633 291
633 293
633 295
633 297
633 299
633 301
633 311
633 357
633 359
633 361
633 363
633 365
633 367
633 369
633 371
633 373
633 375
633 393
633 395
635 105
635 139
635 141
635 143
635 145
635 147
635 149
635 151
635 157
635 175
635 285
635 375
637 31
637 105
637 135
637 157
637 175
639 105
639 135
639 421
641 135
641 189
643 135
643 191
645 95
645 105
645 107
645 137
645 139
645 141
645 143
645 145
645 147
645 415
645 421
659 13
659 15
659 17
659 97
659 99
659 143
659 145
659 147
659 193
659 195
659 197
659 199
659 201
659 203
659 205
659 207
659 209
659 417
659 419
659 421
661 11
661 95
661 191
661 415
663 11
663 95
663 139
663 191
663 413
663 415
665 11
665 191
665 197
665 199
665 201
665 203
665 205
665 207
665 421
667 189
667 191
669 395
671 65
671 67
671 69
671 71
671 73
671 75
671 77
671 79
671 81
671 83
671 85
671 87
671 157
671 175
671 177
671 325
671 327
671 329
671 331
671 333
671 335
671 337
671 339
671 341
671 343
671 345
671 347
671 349
671 351
671 353
671 355
671 357
671 359
671 361
671 363
671 365
671 367
671 369
671 379
671 381
671 383
671 385
671 387
671 389
671 391
671 393
671 395
673 81
673 83
673 85
673 89
673 91
673 171
673 177
675 177
675 309
675 311
677 77
677 97
677 143
677 157
677 175
677 311
679 77
679 311
681 57
681 59
681 61
681 71
681 77
681 147
681 153
681 337
681 339
683 57
683 71
683 77
683 153
685 69
685 71
685 77
685 343
685 369
685 371
685 379
685 381
687 77
689 79
689 81
689 215
689 345
689 347
689 349
689 387
691 79
691 215
691 217
691 221
691 223
691 225
691 227
691 233
691 387
693 79
693 81
693 215
693 233
693 391
695 79
695 81
695 233
697 233
697 409
699 85
699 233
699 235
699 409
701 49
701 75
701 85
701 397
701 399
701 409
703 49
703 73
703 75
703 85
703 237
703 239
703 241
703 243
703 245
703 247
703 249
703 399
703 409
705 23
705 33
705 45
705 47
705 71
705 73
705 75
705 77
705 79
707 23
707 33
707 183
707 185
707 187
707 189
707 207
707 257
707 269
707 271
707 273
709 23
709 207
709 271
709 273
711 23
711 199
711 201
711 203
711 205
711 207
711 271
711 377
713 23
715 23
717 23
717 41
717 269
717 371
717 377
717 409
719 23
719 41
719 119
719 121
719 123
719 139
719 141
719 143
719 371
719 377
719 409
721 23
721 119
721 145
721 371
721 403
721 409
723 21
723 23
723 65
723 67
723 73
723 117
723 119
723 129
723 131
723 145
723 147
723 153
723 175
723 281
723 371
723 403
723 409
725 117
725 119
725 129
725 131
725 133
725 135
725 145
725 147
725 149
725 151
725 153
725 167
725 169
725 171
725 173
725 175
725 265
725 275
725 277
725 279
725 281
725 373
725 403
727 175
727 367
727 373
727 403
729 49
729 67
729 77
731 49
731 51
731 77
731 399
733 77
733 369
745 15
747 13
747 15
747 345
747 395
749 11
749 343
749 345
749 395
751 9
751 11
751 341
751 343
753 247
755 57
755 103
755 105
755 107
755 109
755 111
755 161
755 163
755 165
755 167
755 169
755 171
755 173
755 175
755 177
755 179
755 181
755 191
755 193
755 195
755 197
755 199
755 201
755 209
755 211
755 213
755 215
755 217
755 219
755 221
755 223
755 225
755 239
755 241
755 243
755 245
755 247
755 305
755 307
755 309
755 311
755 313
755 315
755 317
755 319
755 337
757 181
757 201
757 209
757 211
757 221
757 223
757 239
759 181
759 201
759 211
761 111
761 121
761 123
761 125
761 127
761 161
761 163
761 165
761 167
761 169
761 171
761 197
761 199
761 215
761 217
761 243
761 333
761 335
761 337
761 399
763 399
765 131
765 133
765 135
765 137
765 151
765 153
765 247
765 305
765 313
765 315
765 317
765 319
765 321
767 385
767 387
769 251
769 253
769 255
769 257
769 259
769 267
769 277
769 279
769 281
769 283
769 285
769 287
771 267
771 287
777 293
777 295
777 297
777 371
779 261
779 263
779 265
779 267
779 295
779 297
781 263
781 265
781 293
781 295
783 263
783 265
785 263
787 263
787 273
787 275
787 277
787 279
787 281
787 421
789 263
791 231
791 233
791 235
791 261
791 263
793 277
793 279
793 281
795 65
795 67
795 69
795 71
795 221
795 223
795 225
795 227
795 277
795 363
795 365
795 367
795 369
795 371
795 373
795 375
797 11
797 183
797 229
797 231
797 255
797 265
797 267
797 347
799 89
799 183
799 229
799 255
799 265
799 331
799 333
799 335
799 337
799 339
799 341
799 343
799 345
799 347
801 183
801 255
801 261
801 263
803 255
805 187
805 255
807 167
807 187
807 229
807 255
809 127
809 187
809 239
809 255
809 257
809 259
809 275
809 277
809 327
811 105
811 107
811 109
811 123
811 125
811 127
811 129
811 163
811 187
811 255
811 257
811 275
811 277
811 325
811 327
813 23
813 109
813 111
813 123
813 125
813 127
813 129
813 159
813 161
813 163
813 165
813 167
813 189
813 191
813 193
813 195
813 197
813 203
813 205
813 207
813 225
813 227
813 229
813 231
813 251
813 253
813 255
813 257
815 281
815 309
815 311
815 313
815 315
815 317
815 319
819 289
819 291
819 293
819 303
825 275
825 325
825 399
825 421
