1 245
1 265
5 245
5 265
9 417
13 13
13 217
13 281
13 417
13 421
17 217
17 229
17 281
17 293
17 417
17 421
21 217
21 229
21 281
21 293
21 417
25 409
29 409
33 409
37 409
41 233
41 301
41 305
41 309
41 313
41 317
41 321
41 325
41 409
45 409
49 81
49 85
49 89
49 97
49 101
49 277
49 353
49 357
49 361
49 365
49 373
49 409
53 101
53 237
53 409
57 117
57 121
57 125
57 201
57 233
57 237
57 241
57 245
57 249
57 253
57 381
57 409
61 213
61 237
61 381
61 409
65 161
65 165
65 169
65 173
65 177
65 181
65 193
65 389
65 409
69 181
69 193
69 217
69 409
73 193
73 213
73 393
73 397
73 409
77 121
77 225
77 229
77 233
77 237
77 241
77 245
77 249
77 253
77 257
77 261
77 265
77 269
77 357
77 397
81 129
81 189
81 265
81 401
81 405
85 265
93 65
93 301
93 305
93 321
93 325
93 329
93 349
97 65
97 101
97 129
97 165
97 221
97 233
97 241
97 349
101 65
101 85
101 101
101 105
101 129
101 165
101 169
101 245
105 57
105 61
105 85
105 129
105 169
105 173
105 229
105 337
109 129
109 173
109 249
109 253
109 337
113 33
113 37
113 45
113 125
113 237
113 337
113 385
117 125
117 225
117 385
121 9
121 13
121 225
121 385
125 13
125 225
125 385
129 29
129 225
129 385
133 29
133 73
133 77
133 109
133 153
133 157
133 173
133 177
133 181
133 185
133 225
133 229
133 237
137 29
137 73
137 77
137 121
137 185
137 225
137 229
137 237
137 337
137 377
141 29
141 101
141 121
141 185
141 225
145 29
145 49
145 53
145 57
145 61
145 65
145 101
145 185
145 245
145 289
145 293
145 297
145 301
145 321
145 369
149 29
149 185
149 245
153 29
153 185
153 273
153 417
157 29
157 185
157 265
157 269
157 417
161 29
161 165
161 185
165 29
165 105
165 185
165 309
165 313
165 317
169 29
169 49
169 53
169 105
169 173
169 185
169 237
169 301
169 321
173 29
173 133
173 173
173 185
173 237
173 241
173 245
173 249
173 253
173 297
173 301
173 321
173 341
173 345
173 349
173 361
177 29
177 133
177 137
177 141
177 145
177 149
177 185
177 237
177 241
177 245
177 249
177 253
177 257
177 261
177 265
177 269
177 321
177 341
177 353
177 357
177 361
181 29
181 61
181 129
181 133
181 149
181 185
181 241
181 269
181 273
181 277
181 281
181 285
181 321
181 353
185 29
185 65
185 185
185 233
185 321
189 29
189 185
189 233
189 237
189 321
193 29
193 173
193 185
193 401
197 29
197 173
197 185
197 329
197 333
197 337
197 341
197 345
197 349
197 353
201 29
201 73
201 77
201 185
201 229
201 241
201 285
201 353
201 385
201 393
201 397
205 29
205 73
205 185
205 225
205 229
205 241
205 273
205 385
209 29
209 121
209 125
209 185
209 241
209 273
209 277
209 393
213 29
213 97
213 185
213 285
213 393
217 29
217 157
217 185
217 241
217 281
217 285
217 341
217 389
217 393
221 157
221 185
221 221
221 281
221 341
221 393
221 397
225 57
225 185
225 221
225 229
225 397
225 401
229 57
229 185
229 401
233 57
233 185
233 229
233 285
233 321
233 345
233 349
237 57
237 117
237 185
237 229
237 321
241 57
241 117
241 293
241 305
241 309
241 313
241 317
241 321
245 57
245 161
245 165
245 237
245 305
245 321
249 57
249 117
249 165
249 173
249 241
249 321
249 349
253 57
253 113
253 117
253 173
253 185
253 229
253 349
257 57
257 109
257 113
257 117
257 173
257 185
257 229
257 273
257 349
261 57
261 169
261 173
261 185
261 273
265 29
265 57
265 185
265 237
265 381
265 401
265 405
269 29
269 57
269 161
269 165
269 185
269 381
273 29
273 57
273 117
273 157
277 29
277 57
277 157
277 221
281 29
281 57
281 105
281 109
281 161
281 165
281 221
285 237
285 393
285 397
285 401
285 405
289 173
293 113
293 169
293 173
293 237
293 409
297 97
297 165
297 281
301 129
301 165
301 185
301 409
305 109
305 129
305 165
305 185
305 401
309 145
309 165
309 185
309 281
309 401
313 29
313 73
313 129
313 165
313 185
313 233
313 289
317 73
317 165
317 185
317 233
317 237
317 381
321 49
321 165
321 185
321 241
321 281
321 381
325 49
325 185
325 241
325 281
325 329
325 409
329 185
329 293
329 329
333 29
333 57
333 85
333 129
333 169
333 173
333 221
333 293
333 329
337 29
337 85
337 165
337 221
337 329
337 405
341 29
341 85
341 221
341 241
341 293
345 29
345 173
345 185
345 393
349 57
349 157
349 165
349 169
349 173
349 185
349 221
349 273
349 293
349 393
353 49
353 57
353 77
353 81
353 121
353 125
353 185
353 233
353 273
353 293
353 297
353 385
357 125
357 137
357 185
357 293
357 385
361 33
361 37
361 41
361 137
361 185
361 221
365 137
365 153
365 157
365 185
369 137
369 153
369 161
369 165
369 185
369 329
373 33
373 165
373 185
373 273
373 277
373 281
373 329
377 89
377 121
377 125
377 149
377 165
377 185
377 281
377 329
381 29
381 49
381 89
381 93
381 117
381 121
381 185
381 281
381 329
385 41
385 157
385 161
385 185
385 221
385 269
385 297
385 385
385 389
389 41
389 57
389 61
389 97
389 109
389 157
389 161
389 185
389 221
389 269
389 385
393 37
393 57
393 61
393 97
393 101
393 157
393 161
393 253
393 257
393 365
393 369
397 37
397 61
397 97
397 157
397 161
397 373
397 377
397 381
401 41
401 61
401 173
401 377
401 381
405 61
405 173
405 185
405 253
405 257
409 101
409 185
409 221
409 265
409 321
413 49
413 53
413 169
413 173
413 177
413 181
413 185
413 221
413 241
413 245
413 265
413 269
413 301
413 321
413 325
413 329
413 333
417 41
417 45
417 69
417 109
417 185
417 221
417 225
417 237
417 241
417 245
417 261
417 265
421 165
421 185
421 221
421 225
421 257
421 261
421 337
421 397
425 77
425 89
425 173
425 185
425 221
425 253
425 261
425 301
425 337
425 361
425 397
425 405
429 41
429 45
429 77
429 157
429 185
429 221
429 253
429 301
429 337
429 361
429 405
429 409
433 81
433 85
433 109
433 113
433 157
433 161
433 173
433 185
433 253
433 301
433 357
433 361
433 409
437 157
437 161
437 165
437 169
437 173
437 185
437 233
437 253
437 301
437 357
437 361
437 405
437 409
441 81
441 161
441 165
441 185
441 301
441 337
441 361
445 33
445 37
445 81
445 113
445 117
445 165
445 185
445 241
445 301
445 337
445 405
449 109
449 169
449 173
449 185
449 265
449 269
449 301
449 337
453 109
453 185
453 297
457 29
457 117
457 161
457 185
457 249
457 253
457 257
457 261
457 285
457 289
457 293
457 297
457 329
461 29
461 49
461 161
461 165
461 173
461 185
461 257
461 297
461 329
465 29
465 49
465 73
465 77
465 121
465 125
465 153
465 157
465 161
465 177
465 181
465 225
465 257
469 29
469 49
469 89
469 93
469 125
469 181
469 185
469 225
469 257
469 417
469 421
473 29
473 49
473 145
473 225
477 29
477 49
477 65
477 69
477 77
477 89
477 181
477 225
477 229
477 413
481 61
481 129
481 221
481 225
481 253
481 413
481 417
485 61
485 149
485 173
485 221
485 225
485 253
485 333
489 125
489 185
489 253
489 273
493 121
493 125
493 185
493 221
493 225
493 229
493 253
497 33
497 37
497 73
497 85
497 129
497 141
497 185
497 385
501 33
501 129
501 141
501 185
501 221
501 329
501 385
505 33
505 65
505 93
505 97
505 125
505 185
505 265
505 269
505 381
509 33
509 37
509 45
509 49
509 53
509 97
509 125
509 185
509 349
509 381
513 101
513 129
513 133
513 185
513 237
513 381
517 133
517 185
517 237
517 381
521 133
521 185
521 237
521 381
525 133
525 185
525 237
525 293
525 345
525 381
529 145
529 149
529 157
529 185
529 257
529 261
529 269
529 297
529 345
529 349
529 381
533 133
533 157
533 185
533 257
533 297
533 333
533 401
537 133
537 157
537 185
537 257
537 297
537 345
541 101
541 133
541 145
541 157
541 185
541 297
541 345
545 101
545 105
545 185
545 249
545 297
545 337
545 341
545 345
545 349
549 101
549 105
549 185
549 249
549 341
549 345
549 381
553 105
553 185
553 249
553 329
553 381
557 29
557 105
557 185
557 249
557 253
557 329
557 381
561 29
561 105
561 145
561 153
561 157
561 185
561 229
561 293
561 297
561 381
561 401
565 29
565 105
565 157
565 185
565 229
565 257
565 293
565 297
565 381
565 401
569 29
569 105
569 141
569 145
569 185
569 249
569 293
569 381
573 29
573 73
573 77
573 105
573 185
573 293
573 381
577 29
577 185
577 233
577 237
577 241
577 245
577 297
577 329
577 381
581 29
581 149
581 185
581 297
581 329
581 333
581 381
585 29
585 97
585 101
585 185
585 297
585 337
585 385
585 389
589 29
589 185
589 337
589 385
593 29
593 65
593 69
593 73
593 77
593 81
593 85
593 89
593 93
593 97
593 121
593 185
593 245
593 257
593 329
593 333
593 337
593 341
597 29
597 65
597 81
597 185
597 245
601 29
601 81
601 85
601 169
601 185
601 249
601 253
601 297
605 29
605 89
605 97
605 185
605 249
609 29
609 65
609 89
609 93
609 97
609 185
609 233
609 237
609 245
609 409
613 29
613 93
613 97
613 101
613 185
613 237
613 397
613 409
617 29
617 173
617 185
617 353
617 397
617 409
621 29
621 173
621 185
621 333
621 353
621 357
621 361
621 397
621 409
625 29
625 93
625 173
625 185
625 397
625 409
629 29
629 65
629 69
629 73
629 77
629 81
629 85
629 89
629 93
629 185
629 257
629 261
629 293
629 297
629 313
629 317
629 321
629 325
629 369
629 373
629 381
629 397
629 409
633 29
633 153
633 185
633 257
633 261
633 265
633 269
633 273
633 277
633 281
633 313
633 317
633 321
633 325
633 329
633 333
633 337
633 341
633 345
633 349
633 353
633 377
633 381
633 385
633 389
633 397
633 401
633 405
633 409
637 137
637 141
637 145
637 149
637 153
637 185
637 413
637 417
641 93
641 105
641 137
641 141
641 145
641 149
641 413
641 417
641 421
645 417
661 13
661 17
661 97
661 141
661 145
661 149
661 193
661 197
661 201
661 205
661 209
661 417
661 421
665 13
665 17
665 93
665 97
665 193
665 413
665 417
669 21
669 25
669 29
669 33
669 37
669 41
669 45
669 49
669 53
669 57
669 61
669 89
669 93
669 97
669 153
669 397
669 401
669 405
669 409
673 21
673 73
673 77
673 93
673 97
673 141
673 153
673 157
673 173
673 409
677 21
677 73
677 153
677 409
681 21
681 73
681 149
681 313
681 317
681 341
681 369
681 373
681 377
681 381
681 409
685 21
685 73
685 409
689 21
689 49
689 229
689 389
689 409
693 21
693 49
693 221
693 225
693 229
693 409
697 21
697 49
697 77
697 81
697 213
697 393
697 397
701 21
701 77
701 81
701 213
701 233
705 81
709 33
709 181
709 185
709 189
709 257
713 181
713 265
713 269
717 181
717 265
717 373
717 401
717 405
721 69
721 133
721 149
721 265
721 273
721 277
721 405
725 21
725 65
725 69
725 73
725 77
725 369
725 405
725 409
729 21
729 69
729 73
729 365
729 369
729 409
733 21
733 49
733 397
733 409
737 21
737 49
737 397
737 409
741 21
741 49
741 397
741 409
745 49
745 397
745 409
749 13
749 49
749 397
749 409
753 397
753 409
757 57
757 101
757 105
757 109
757 161
757 165
757 169
757 173
757 177
757 193
757 197
757 213
757 217
757 241
757 245
757 305
757 309
757 313
757 317
757 337
757 397
757 409
761 57
761 113
761 117
761 129
761 133
761 137
761 141
761 145
761 149
761 153
761 157
761 173
761 177
761 245
761 305
761 309
761 313
761 317
761 321
761 325
761 329
761 409
765 57
765 389
765 393
765 397
765 409
769 269
769 273
777 49
777 53
777 373
777 377
777 381
781 49
785 49
785 417
789 49
789 273
789 277
789 281
789 417
789 421
793 9
793 13
793 81
793 217
793 229
793 233
793 265
793 269
793 273
797 13
797 65
797 69
797 81
797 85
797 185
797 189
797 193
797 197
797 201
797 205
797 217
797 221
797 225
797 349
797 353
797 361
797 365
797 369
797 373
801 21
801 185
801 189
801 225
801 257
801 333
805 21
805 97
805 189
805 225
805 257
805 329
805 333
809 21
809 165
809 189
809 193
809 197
809 201
809 205
809 225
809 229
813 105
813 273
813 277
813 321
813 325
817 397
821 289
821 293
821 297
821 301
821 397
825 277
825 281
825 285
825 289
825 293
825 297
825 301
825 305
825 309
825 313
825 317
825 321
825 401
825 405
825 409
825 413
825 417
