1 249
1 257
9 17
9 25
9 33
9 41
9 49
9 57
9 65
9 73
9 81
9 89
9 97
9 105
9 113
9 121
9 129
9 137
9 145
9 153
9 161
9 169
9 177
9 185
9 193
9 201
9 209
9 233
9 241
9 249
9 257
9 265
9 273
9 297
9 305
9 313
9 321
9 329
9 337
9 345
9 353
9 361
9 369
9 377
9 385
9 393
9 401
9 409
17 9
17 209
17 233
17 273
17 297
17 401
17 409
25 9
25 209
25 217
25 225
25 233
25 273
25 281
25 289
25 297
25 401
33 9
33 225
33 233
33 241
33 249
33 257
33 265
33 273
33 281
33 289
33 297
33 305
33 313
33 321
33 329
33 401
41 9
41 225
41 401
49 9
49 105
49 113
49 121
49 193
49 201
49 377
49 401
57 9
57 193
57 401
65 9
65 49
65 185
65 209
65 393
65 401
73 9
73 49
73 185
73 217
73 361
73 401
81 9
81 49
81 121
81 217
81 241
81 249
81 257
81 369
89 9
89 49
89 57
89 121
89 217
89 241
89 369
89 377
97 9
97 49
97 57
97 121
97 225
97 385
105 9
105 49
105 121
105 177
105 185
105 241
105 385
113 9
113 49
121 33
121 49
121 121
121 217
129 33
129 49
129 113
129 121
129 217
129 361
129 369
129 377
137 33
137 41
137 49
137 57
137 65
137 105
137 113
137 161
137 169
137 177
137 217
137 361
137 369
145 177
145 249
145 257
145 265
145 273
145 281
145 305
145 313
145 361
153 177
153 409
161 169
161 177
169 137
169 145
169 177
169 305
169 313
169 353
177 65
177 169
177 177
177 345
185 49
185 57
185 169
185 177
185 273
185 281
185 393
185 401
193 177
193 233
193 273
193 281
193 305
193 385
193 393
201 169
201 177
201 233
201 305
201 329
201 337
201 345
209 89
209 177
209 305
209 337
209 345
209 385
217 89
217 177
217 305
217 313
217 345
225 49
225 169
225 177
225 233
225 281
225 345
233 49
233 121
233 169
233 177
233 233
241 49
241 121
241 169
241 177
241 297
241 385
249 49
249 121
249 177
249 233
249 385
257 49
257 177
257 233
257 401
265 49
265 169
265 177
265 273
273 49
273 105
273 121
273 161
273 169
273 177
273 225
273 385
281 49
281 121
281 169
281 177
281 385
289 121
289 177
289 273
289 401
297 105
297 113
297 121
297 169
297 177
297 273
297 401
305 169
305 177
305 273
313 65
313 169
313 177
313 273
313 281
313 401
321 177
321 273
321 401
329 49
329 177
329 401
337 49
337 169
337 177
337 385
337 393
345 49
345 73
345 81
345 177
345 385
353 33
353 41
353 129
353 177
353 225
361 121
361 129
361 177
369 121
369 129
369 169
369 177
369 385
377 33
377 73
377 81
377 169
377 177
377 273
377 385
385 33
385 113
385 177
385 273
393 41
393 105
393 113
393 177
401 33
401 97
401 105
401 113
401 177
401 313
409 33
409 57
409 105
409 113
409 233
409 249
409 257
409 305
409 313
417 33
417 49
417 73
417 81
417 113
417 169
417 177
417 249
417 297
425 33
425 49
425 81
425 113
425 177
425 225
425 353
433 41
433 177
433 217
433 225
441 41
441 169
441 177
441 217
441 225
441 233
449 49
449 57
449 81
449 113
449 121
449 161
449 177
449 217
449 241
449 249
449 257
449 305
449 313
449 321
449 329
457 81
457 121
457 177
457 217
457 313
457 321
465 81
465 145
465 217
465 321
473 81
473 217
473 249
473 257
473 417
481 49
481 177
481 273
489 81
489 169
489 177
489 329
497 65
497 89
497 121
497 177
497 225
497 249
497 257
497 265
505 57
505 129
505 137
505 177
505 241
505 249
505 257
505 385
513 137
513 177
513 257
513 337
521 137
521 177
521 257
521 265
521 337
529 137
529 177
529 233
529 289
529 337
537 137
537 177
537 233
537 289
537 329
537 337
537 401
545 177
545 233
545 241
545 289
545 329
545 401
553 97
553 177
553 233
553 241
553 289
553 401
561 97
561 137
561 177
561 233
561 241
561 249
569 65
569 81
569 89
569 97
569 153
569 177
569 225
569 233
569 241
577 97
577 153
577 177
577 289
577 385
577 393
585 153
585 177
585 289
585 329
593 161
593 169
593 177
593 249
593 289
601 177
601 241
609 169
609 177
609 401
617 97
617 105
617 177
617 337
617 345
617 401
625 97
625 105
625 177
625 265
625 273
625 329
625 337
625 345
625 353
625 361
625 401
633 65
633 73
633 81
633 89
633 97
633 177
641 97
665 137
665 145
673 25
673 49
673 57
673 65
673 145
673 313
673 337
673 345
673 369
673 377
673 401
681 25
681 49
681 345
681 401
689 25
689 393
689 401
697 25
697 217
697 225
697 401
705 25
713 25
713 33
713 185
713 193
713 201
713 257
713 273
721 25
721 121
721 137
721 177
721 185
721 193
721 201
721 209
721 217
721 225
721 233
721 241
721 249
721 257
729 25
729 401
737 25
737 401
745 17
745 25
745 401
753 9
753 49
753 113
753 121
753 129
753 137
753 145
753 153
753 249
753 321
753 329
753 401
761 9
761 49
761 249
761 401
769 9
769 49
769 289
769 369
769 377
777 9
785 9
785 265
793 49
793 57
793 73
793 209
793 257
793 377
793 417
801 25
801 193
801 201
801 417
809 25
809 97
809 329
809 417
817 273
817 281
817 305
817 313
817 321
817 401
817 409
817 417
