49 257
49 305
49 321
65 81
65 129
65 305
65 321
65 337
65 369
81 81
81 273
81 385
113 81
113 129
129 81
129 129
145 81
145 113
145 129
145 145
145 225
145 337
145 385
161 65
161 81
161 273
161 369
161 385
177 81
193 81
193 97
193 113
193 129
193 145
209 321
225 97
241 97
241 273
257 337
273 337
289 337
305 81
305 337
321 65
321 81
321 337
337 337
353 65
353 81
353 97
353 337
369 97
369 225
385 225
385 321
385 337
401 273
401 337
401 353
401 385
417 273
417 369
433 257
433 273
433 369
433 385
449 353
449 385
465 97
465 273
465 337
465 385
481 97
481 337
481 385
497 273
497 337
513 113
513 273
529 113
545 113
561 113
561 337
577 113
577 129
593 129
593 145
593 385
609 129
609 145
609 257
609 273
609 289
609 305
609 369
625 113
625 225
625 241
641 113
657 113
673 177
673 193
673 209
673 225
673 241
673 289
689 129
689 145
689 161
689 337
705 49
705 81
705 97
705 113
705 129
705 145
705 161
705 289
705 305
705 321
705 337
705 353
705 385
737 353
753 225
753 353
753 369
769 81
769 97
769 161
769 209
769 225
769 321
769 337
785 97
785 161
801 129
801 145
801 289
