41 273
45 237
45 273
45 289
45 293
45 297
45 305
45 325
45 329
45 333
49 217
49 229
49 233
49 237
49 241
49 245
49 249
49 253
49 293
49 297
53 85
53 89
53 93
53 209
53 213
53 217
53 229
53 277
53 293
53 297
53 337
53 341
53 345
53 349
53 365
53 369
57 281
57 293
61 105
61 109
61 113
61 117
61 205
61 229
61 281
61 293
61 297
61 301
61 377
65 77
65 97
65 101
65 105
65 109
65 113
65 117
65 145
65 149
65 293
65 361
65 365
69 117
69 145
69 293
69 385
73 117
73 125
73 145
73 173
73 353
77 145
77 173
77 277
77 285
81 145
81 173
81 377
81 381
85 117
85 133
85 145
85 173
85 401
85 405
89 97
89 101
89 105
89 133
89 145
89 161
89 165
89 193
89 289
89 293
89 297
89 309
89 313
89 317
89 333
89 345
89 409
93 97
93 133
93 145
93 161
93 193
93 409
97 85
97 89
97 93
97 97
97 145
97 173
97 177
97 181
97 193
97 213
97 257
97 337
97 341
97 345
97 409
101 93
101 145
101 193
101 213
101 217
101 237
101 341
101 345
101 409
105 93
105 97
105 145
105 213
105 237
105 341
105 345
105 397
105 409
109 93
109 145
109 213
109 341
109 345
109 397
109 409
113 145
113 213
113 217
113 221
113 229
113 341
113 409
117 41
117 145
117 213
117 217
117 233
117 341
117 353
117 389
117 409
121 41
121 145
121 233
121 341
121 409
125 145
125 233
125 341
125 409
129 69
129 109
129 145
129 157
129 173
129 229
129 233
129 341
129 353
129 409
133 145
133 341
133 353
133 389
133 409
137 97
137 341
137 353
137 409
141 77
141 97
141 125
141 153
141 233
141 341
141 353
141 381
141 409
145 97
145 353
145 409
149 69
149 97
149 101
149 105
149 109
149 325
149 353
149 357
149 373
149 421
157 45
157 249
157 253
157 257
157 277
157 281
157 285
161 45
161 49
161 53
161 57
161 61
161 137
161 141
161 145
161 149
161 305
161 321
161 325
161 421
165 149
165 265
165 269
165 409
169 129
169 253
169 257
169 261
169 337
169 409
173 57
173 61
173 409
177 49
177 53
177 57
177 77
177 157
177 233
177 277
177 285
177 289
177 369
177 373
177 377
177 381
177 401
177 405
177 409
181 77
181 157
181 233
181 337
181 381
185 225
185 353
185 381
185 385
185 389
189 69
189 129
189 133
189 225
189 353
189 381
193 225
193 337
193 409
197 225
197 313
197 317
197 321
197 405
197 409
201 65
201 161
201 217
201 221
201 277
201 317
201 405
201 409
205 161
205 217
205 281
205 317
205 401
205 405
205 409
209 101
209 113
209 153
209 157
209 217
209 317
209 381
209 397
209 409
213 101
213 113
213 317
213 381
213 397
213 409
217 101
217 269
217 273
217 381
217 409
221 101
221 153
221 273
221 381
221 385
221 409
225 85
225 161
225 273
225 337
225 381
225 385
225 389
225 409
229 85
229 89
229 93
229 161
229 217
229 225
229 337
229 341
229 389
229 393
229 409
233 85
233 269
233 325
233 389
233 409
237 85
237 269
237 281
237 325
237 353
237 401
237 405
237 409
241 85
241 153
241 157
241 233
241 269
241 325
241 353
241 401
241 409
245 85
245 113
245 153
245 269
245 289
245 401
245 405
245 409
249 85
249 217
249 313
249 397
249 409
253 85
253 161
253 165
253 217
253 221
253 297
253 301
253 313
253 317
253 321
253 325
253 397
253 409
257 85
257 297
257 301
257 305
257 309
257 313
257 317
257 321
257 325
261 85
261 105
261 121
261 225
261 297
261 325
261 353
265 85
265 101
265 121
265 125
265 225
265 297
265 325
265 353
269 85
269 101
269 297
269 325
269 353
269 409
273 85
273 217
273 237
273 241
273 297
273 325
273 353
273 397
273 409
277 85
277 97
277 153
277 237
277 241
277 269
277 273
277 277
277 297
277 325
277 353
277 393
277 397
277 409
281 85
281 97
281 229
281 269
281 273
281 277
281 297
281 325
281 353
281 401
281 405
281 409
285 85
285 97
285 161
285 165
285 217
285 225
285 229
285 233
285 297
285 325
285 353
289 85
289 89
289 97
289 113
289 117
289 233
289 285
289 297
289 325
289 353
293 85
293 89
293 101
293 105
293 233
293 285
293 297
293 353
297 85
297 89
297 161
297 233
297 297
297 333
297 353
301 85
301 89
301 137
301 141
301 145
301 149
301 233
301 285
301 297
301 333
301 353
305 137
305 149
305 241
305 285
305 289
305 293
305 297
305 333
305 353
309 105
309 133
309 137
309 297
309 333
309 353
313 105
313 137
313 217
313 225
313 229
313 297
313 325
313 353
317 105
317 109
317 137
317 145
317 149
317 217
317 221
317 225
317 293
317 297
317 325
317 353
321 161
321 289
321 293
321 297
321 325
321 329
321 333
321 353
321 417
321 421
325 161
325 165
325 169
325 289
325 353
329 61
329 297
329 353
333 61
333 269
333 273
333 277
333 281
333 333
333 353
337 61
337 73
337 81
337 93
337 161
337 269
337 273
337 277
337 289
337 333
337 353
341 61
341 73
341 89
341 93
341 277
341 325
341 329
341 333
341 353
341 401
345 61
345 65
345 93
345 165
345 217
345 277
345 289
345 325
345 353
345 409
349 65
349 93
349 277
349 325
349 353
349 409
353 141
353 153
353 217
353 241
353 277
353 325
353 353
353 397
353 409
357 53
357 61
357 153
357 217
357 237
357 241
357 277
357 325
357 353
357 389
357 393
357 397
357 409
361 113
361 241
361 297
361 325
361 329
361 333
361 353
361 385
361 389
361 409
365 29
365 45
365 113
365 141
365 217
365 241
365 269
365 297
365 333
365 353
365 409
369 29
369 77
369 141
369 145
369 241
369 285
369 297
369 345
369 349
369 353
369 397
369 409
373 157
373 241
373 297
373 345
373 397
373 409
377 41
377 45
377 49
377 65
377 157
377 161
377 217
377 221
377 241
377 289
377 293
377 297
377 345
377 397
377 409
381 65
381 145
381 161
381 217
381 241
381 289
381 345
381 397
381 409
385 61
385 101
385 105
385 241
385 285
385 289
385 353
385 409
389 169
389 173
389 241
389 245
389 249
389 281
389 285
389 289
389 293
389 305
389 309
389 313
389 317
389 353
389 373
389 377
389 381
389 409
393 169
393 377
393 381
393 389
393 409
397 169
397 217
397 221
397 249
397 253
397 261
397 361
397 389
397 409
401 57
401 165
401 217
401 221
401 249
401 261
401 305
401 309
401 369
401 409
405 45
405 157
405 165
405 305
405 369
405 373
405 409
409 161
409 165
409 225
409 229
409 297
409 409
413 41
413 97
413 161
413 409
417 61
417 93
417 161
417 229
417 341
417 353
417 357
417 361
417 365
417 401
417 405
421 61
421 65
421 93
421 105
421 229
421 233
421 269
421 353
421 365
425 61
425 93
425 105
425 153
425 161
425 365
425 401
429 93
429 105
429 165
429 169
429 297
429 393
433 29
433 93
433 233
433 237
433 341
433 365
433 401
437 33
437 89
437 93
437 105
437 341
437 365
441 33
441 105
441 109
441 113
441 245
441 249
441 297
445 105
445 157
445 365
449 93
449 277
449 281
449 285
449 289
449 293
449 369
449 381
449 401
453 93
453 273
453 277
453 341
453 381
453 401
453 405
453 409
457 53
457 93
457 169
457 269
457 409
461 53
461 93
461 113
461 237
461 241
461 245
461 265
461 269
461 281
461 285
461 305
461 309
461 333
461 409
465 53
465 93
465 169
465 233
465 237
465 249
465 313
469 161
469 165
469 169
469 173
469 249
469 301
469 313
473 53
473 57
473 73
473 121
473 177
473 237
473 269
473 297
473 325
473 353
473 381
473 409
477 57
477 73
477 121
477 149
477 237
477 297
477 325
477 353
477 381
481 73
481 93
481 121
481 141
481 145
481 157
481 169
481 297
481 325
481 329
481 353
481 381
485 121
485 133
485 137
485 141
485 157
485 297
485 325
485 353
485 381
489 53
489 57
489 113
489 133
489 145
489 157
489 161
489 165
489 217
489 225
489 229
489 249
489 289
489 353
489 381
489 409
493 53
493 57
493 113
493 133
493 145
493 153
493 157
493 161
493 289
493 297
493 353
493 409
497 45
497 57
497 101
497 113
497 137
497 217
497 237
497 241
497 289
497 333
497 353
497 409
501 41
501 45
501 57
501 101
501 113
501 233
501 237
501 241
501 289
501 333
501 353
501 409
505 41
505 45
505 233
505 289
505 393
505 397
505 409
509 233
509 269
509 289
509 293
509 297
509 325
509 409
513 269
513 297
513 325
513 409
517 269
517 297
517 325
517 349
517 353
517 409
521 129
521 293
521 297
521 325
521 349
521 353
521 405
521 409
525 129
525 325
525 405
525 409
529 129
529 277
529 281
529 285
529 325
529 329
529 405
529 409
533 149
533 265
533 269
533 273
533 277
533 281
533 325
533 329
533 353
533 405
533 409
537 29
537 129
537 145
537 149
537 261
537 281
537 353
541 257
541 261
541 281
541 353
545 109
545 225
545 353
549 133
549 137
549 225
549 353
553 137
553 141
553 225
553 353
557 225
557 333
557 353
561 129
561 325
561 353
561 409
565 129
565 149
565 325
565 353
565 405
565 409
569 325
569 329
569 333
569 353
569 409
573 137
573 141
573 253
573 333
573 353
573 409
577 109
577 145
577 337
577 341
577 353
577 409
581 109
581 145
581 225
581 229
581 245
581 341
581 353
581 409
585 249
585 253
585 353
585 409
589 149
589 353
589 393
589 397
589 409
593 101
593 113
593 353
593 409
597 93
597 97
597 101
597 113
597 117
597 121
597 125
597 325
597 329
597 353
597 381
597 409
601 69
601 93
601 233
601 237
601 301
601 401
601 405
605 69
605 73
605 77
605 161
605 289
605 293
605 297
605 301
609 69
609 73
609 77
609 105
609 109
609 161
609 253
609 345
609 349
609 393
613 161
613 249
613 253
617 117
617 329
617 333
617 365
621 117
625 257
625 285
625 289
625 293
625 301
625 313
625 321
625 373
625 377
625 381
625 385
625 389
629 169
633 109
633 129
633 133
633 169
633 305
637 109
637 129
637 169
641 109
641 129
641 193
645 109
645 129
645 189
645 193
649 129
653 129
657 93
657 137
657 189
657 213
661 213
665 101
669 165
669 169
669 181
669 185
669 189
669 197
669 201
669 205
669 257
669 261
669 265
669 269
669 273
669 277
669 281
669 285
669 289
669 293
669 297
669 301
669 305
669 309
669 313
669 317
669 321
673 305
677 81
677 85
677 89
677 137
677 161
677 165
677 169
677 305
681 65
681 157
685 145
685 149
685 153
685 157
685 337
685 373
689 85
689 209
689 297
689 325
693 85
693 209
693 297
693 325
693 385
697 297
697 325
701 53
701 57
701 61
701 65
701 177
701 181
701 185
701 189
701 193
701 197
701 253
701 297
701 301
701 305
701 309
701 313
701 317
701 321
701 325
701 361
701 365
701 369
701 373
701 377
701 381
705 37
705 41
705 177
705 193
705 197
705 201
705 261
705 277
705 381
709 41
709 45
709 73
709 77
709 177
709 265
709 277
709 381
709 409
713 41
713 45
713 177
713 369
713 373
713 381
713 405
713 409
717 381
721 113
721 157
721 161
721 165
721 285
721 361
721 365
725 269
725 285
725 361
729 89
729 341
729 393
733 65
733 89
733 341
733 361
737 341
737 369
737 393
741 341
741 369
741 393
745 341
745 349
745 369
749 349
749 369
753 61
753 97
753 185
753 205
753 341
757 97
757 185
761 105
761 209
761 221
761 341
761 385
761 393
765 61
765 105
765 109
765 121
765 125
765 145
765 161
765 165
765 169
765 173
765 177
765 181
765 193
765 197
765 209
765 213
765 217
765 221
765 241
765 333
765 337
765 341
769 301
773 249
773 253
773 257
773 261
773 277
773 281
773 301
777 61
777 65
777 69
777 73
777 77
777 113
777 117
777 121
777 125
777 177
777 181
777 185
777 189
777 193
777 197
777 241
777 245
777 249
777 253
777 269
777 289
777 305
777 309
777 313
777 317
777 361
777 365
781 77
781 269
785 77
785 233
785 285
785 297
785 325
789 77
789 285
789 297
789 325
793 89
793 93
793 177
793 181
793 185
793 197
793 201
793 205
793 237
793 249
793 253
793 285
793 329
793 333
793 337
793 341
793 345
793 349
793 353
793 357
797 93
797 177
797 237
797 249
797 269
797 281
797 285
801 101
801 249
805 101
805 249
805 261
809 249
809 261
809 281
809 285
809 305
809 309
809 313
809 317
809 321
813 261
