9 9
9 11
9 217
9 219
9 229
9 231
9 281
9 283
9 293
9 295
9 421
9 423
11 9
11 229
11 293
23 423
43 277
43 279
43 289
43 291
43 299
45 277
45 279
45 301
47 219
47 233
47 235
47 301
47 303
47 309
47 311
47 313
47 315
47 317
47 319
47 321
47 323
47 337
49 301
49 303
49 337
51 337
51 349
51 351
53 233
53 235
53 243
53 249
53 251
53 253
53 255
53 353
53 373
55 81
55 83
55 97
55 273
55 275
55 281
55 353
55 355
55 357
55 359
55 361
55 363
55 373
55 375
55 377
57 207
57 217
57 219
57 229
57 297
57 377
59 105
59 107
59 109
59 111
59 113
59 207
59 219
59 229
59 377
61 79
61 209
61 219
63 77
63 79
63 121
63 129
63 131
63 147
63 149
63 201
63 203
63 209
63 233
65 199
67 73
67 75
67 153
67 155
67 199
67 385
69 199
69 361
69 363
69 365
69 367
71 173
71 177
71 179
71 199
71 389
73 123
73 227
73 229
73 231
73 233
73 235
73 253
73 255
73 257
73 259
73 261
73 263
73 265
73 267
73 269
73 271
73 273
73 275
73 277
73 279
73 281
73 283
73 285
73 287
77 117
77 119
77 353
79 117
79 281
79 353
79 393
81 117
81 353
81 375
83 117
83 213
83 353
85 185
85 195
85 213
85 271
85 379
85 381
85 383
87 185
87 187
87 189
87 195
87 213
87 271
87 383
87 409
87 411
89 65
89 67
89 131
89 213
89 301
89 303
89 305
89 307
89 321
89 323
89 325
89 327
89 329
89 331
89 349
91 131
91 213
91 301
93 107
93 165
93 167
93 213
93 289
93 295
93 335
93 345
95 213
95 345
95 347
97 81
97 135
97 161
97 171
97 261
97 263
97 265
97 267
97 269
97 271
97 273
97 275
99 81
99 135
99 217
99 239
99 261
99 273
101 81
101 91
101 97
101 135
101 175
101 177
101 179
101 181
101 183
101 257
101 339
101 349
103 81
103 97
103 135
103 221
103 241
103 349
105 81
105 91
105 107
105 135
105 161
105 195
105 251
105 253
105 349
105 395
107 67
107 81
107 91
107 101
107 105
107 107
107 161
107 163
107 195
107 225
107 251
109 81
109 91
109 135
109 195
109 225
109 237
109 349
109 395
111 81
111 89
111 91
111 135
111 225
111 229
111 231
111 233
111 349
111 393
111 395
113 173
113 195
113 225
113 233
113 391
115 121
115 173
115 175
115 193
115 195
115 233
115 353
115 391
117 121
117 231
119 37
119 39
119 121
119 237
119 357
121 121
121 213
121 237
121 391
123 213
123 237
125 9
125 43
125 231
125 237
127 9
127 43
127 231
127 237
129 43
129 45
129 73
129 75
129 77
129 79
129 113
129 149
129 151
129 153
129 155
129 177
129 185
129 187
129 339
129 357
131 43
131 45
131 47
131 149
131 339
133 43
133 357
135 43
135 213
135 357
135 387
137 101
137 103
137 357
137 383
139 127
139 153
139 155
139 157
139 235
139 357
139 383
141 157
141 357
143 75
143 157
143 337
143 339
143 357
145 357
147 71
147 107
147 109
147 111
147 217
147 241
147 327
147 357
149 217
149 241
149 409
149 411
149 413
149 415
149 417
149 419
151 51
151 53
151 55
151 65
151 67
151 217
151 241
151 291
151 293
151 295
151 297
151 299
153 217
153 223
153 263
153 423
155 161
155 163
155 217
155 223
155 249
155 263
155 265
155 267
157 161
157 217
157 223
157 261
159 217
159 223
159 261
159 263
161 265
161 313
161 315
161 317
161 319
163 265
163 267
163 409
163 417
163 419
165 55
165 57
165 59
165 61
165 63
165 137
165 143
165 305
165 323
165 325
165 327
167 63
167 161
167 163
167 165
167 327
169 133
169 151
169 233
169 249
169 251
169 297
169 327
169 341
169 343
169 345
169 347
169 365
169 367
171 169
171 233
171 251
173 129
173 169
173 233
173 259
173 261
173 263
173 337
175 129
175 169
175 233
175 337
175 367
177 61
177 129
177 155
177 275
177 281
177 283
177 293
177 327
177 337
177 367
179 47
179 129
179 155
179 281
179 327
179 337
181 57
181 59
181 75
181 139
181 155
181 327
181 401
181 403
181 411
183 75
183 137
183 139
183 141
183 145
183 147
183 155
183 237
183 327
183 341
183 411
185 229
185 237
185 239
185 327
185 411
187 43
187 239
187 241
187 243
187 327
189 243
189 385
189 387
189 411
191 411
193 73
193 75
193 77
193 79
193 169
193 341
193 343
193 345
193 381
195 63
195 73
195 169
195 171
195 229
195 313
195 315
195 317
195 319
195 321
195 323
195 325
195 327
195 381
195 407
197 63
197 73
197 75
197 77
197 169
197 171
197 229
197 269
197 325
197 381
199 73
199 169
199 229
199 269
199 325
199 381
199 399
199 401
201 69
201 165
201 167
201 225
201 227
201 269
201 315
201 381
203 165
203 269
203 275
203 281
203 283
203 315
203 381
205 221
205 279
205 315
205 381
207 285
207 315
207 381
207 397
207 399
209 99
209 161
209 163
209 221
209 281
209 283
211 59
211 221
211 283
213 59
213 153
213 155
213 217
213 221
215 117
215 153
215 217
215 223
215 315
215 385
217 153
217 217
217 277
217 385
217 399
219 153
219 217
219 277
219 337
219 385
219 387
219 399
221 85
221 217
221 269
221 271
221 277
221 337
221 389
223 85
223 217
223 269
223 277
223 287
223 289
223 337
223 389
225 217
225 269
225 405
225 407
227 89
227 91
227 93
227 95
227 217
227 269
227 341
227 393
227 407
229 165
229 269
229 275
229 277
229 381
229 407
231 29
231 165
231 221
231 223
231 277
231 279
231 281
231 381
231 397
233 113
233 115
233 225
233 281
233 381
235 113
235 281
235 283
235 381
235 387
237 225
237 381
237 387
237 389
237 391
239 225
239 227
239 285
239 287
239 289
239 345
239 349
239 351
239 381
241 161
241 237
241 289
241 381
243 113
243 237
243 289
243 291
245 233
245 235
245 327
245 355
247 233
247 311
247 313
247 315
247 317
249 113
249 115
249 223
249 225
249 227
249 229
249 231
249 233
249 269
249 271
249 317
249 345
249 395
251 29
251 269
251 297
251 299
251 301
251 303
251 317
251 345
251 395
253 29
253 169
253 345
253 395
255 169
255 345
257 105
257 169
257 225
257 279
257 411
259 105
259 225
261 279
261 411
263 109
263 113
263 115
263 117
263 119
263 279
263 411
265 97
265 99
265 161
265 163
265 165
265 229
265 279
265 411
267 229
267 231
267 233
267 269
267 409
267 411
269 121
269 225
269 227
271 97
271 237
271 239
271 241
271 243
271 407
273 97
273 101
273 103
273 153
273 221
273 269
275 97
275 153
275 269
277 101
277 217
277 219
279 101
279 115
279 117
279 217
279 233
279 235
281 217
281 233
281 395
281 397
281 399
283 217
283 233
285 269
285 271
285 273
285 275
285 277
285 279
285 411
287 101
287 105
287 107
287 109
287 169
287 221
287 223
287 269
287 411
289 93
289 107
289 109
289 169
289 269
289 283
289 411
291 93
291 107
291 109
291 283
293 29
293 93
293 97
293 99
293 109
293 283
293 325
293 327
295 29
295 93
295 325
295 381
297 29
297 93
297 287
297 325
297 329
297 331
297 381
299 29
299 93
299 237
299 287
299 325
299 331
299 381
301 29
301 93
301 135
301 161
301 237
301 325
301 381
303 29
303 93
303 101
303 161
303 237
303 283
305 141
305 147
305 161
305 283
305 325
307 105
307 141
307 147
307 161
307 283
307 325
307 407
309 67
309 69
309 71
309 73
309 75
309 77
309 79
309 141
309 151
309 161
309 243
309 325
311 131
311 141
311 161
311 325
313 79
313 109
313 135
313 161
313 239
313 295
315 79
315 109
315 149
315 151
315 161
315 295
317 161
317 229
319 113
319 133
319 135
319 143
321 287
321 411
323 55
323 171
323 173
323 175
323 287
325 55
325 173
325 175
325 287
325 293
325 299
325 325
325 333
325 335
327 55
327 173
327 299
327 325
327 335
329 59
329 169
329 171
329 173
329 217
329 219
329 269
329 289
329 291
329 325
329 335
331 169
331 217
331 269
331 273
331 275
331 277
331 279
331 281
331 283
331 291
331 325
331 335
333 217
333 291
333 299
333 325
333 381
335 217
335 291
335 299
335 325
335 381
337 77
337 217
337 235
337 299
337 325
337 381
339 59
339 77
339 217
339 235
339 237
339 299
339 325
339 381
341 59
341 81
341 83
341 161
341 217
341 269
341 275
341 299
341 381
343 59
343 161
343 217
343 219
343 399
343 405
345 59
345 91
345 163
345 169
345 399
347 59
347 163
347 169
347 399
349 61
349 63
349 217
349 243
349 399
351 29
351 63
351 69
351 217
351 241
351 243
351 399
353 29
353 63
353 139
353 239
353 391
355 29
355 63
355 139
355 157
355 221
355 237
355 239
355 289
355 391
355 393
357 29
357 141
357 143
357 157
357 221
357 235
357 269
357 289
359 29
359 57
359 143
359 157
359 235
359 269
359 289
361 29
361 47
361 143
361 153
361 155
361 217
361 269
361 381
363 29
363 45
363 47
363 143
363 217
363 269
363 381
365 325
365 381
365 385
365 387
365 389
365 391
367 39
367 117
367 221
367 223
367 325
367 381
369 39
369 73
369 75
369 149
369 269
369 283
369 325
369 335
369 381
369 395
371 39
371 73
371 149
371 159
371 269
371 335
371 381
373 29
373 39
373 73
373 77
373 79
373 143
373 145
373 147
373 149
373 161
373 269
373 287
373 335
373 349
373 355
373 381
375 39
375 155
375 161
375 163
375 287
375 335
375 349
375 355
375 381
377 39
377 53
377 69
377 95
377 113
377 115
377 117
377 155
377 287
377 335
377 355
377 381
379 53
379 69
379 113
379 287
379 381
381 43
381 69
381 113
381 155
381 157
381 159
381 165
381 221
381 223
381 287
381 299
381 325
381 335
381 381
383 127
383 155
383 165
383 167
383 287
383 325
383 333
383 335
383 349
383 381
385 57
385 59
385 109
385 167
385 169
385 217
387 109
387 153
387 169
387 171
387 173
387 175
387 217
387 283
387 293
387 381
389 47
389 101
389 103
389 105
389 153
389 217
389 253
389 255
389 257
389 261
389 263
389 297
389 303
389 361
389 363
389 365
389 367
389 369
389 371
391 29
391 47
391 103
391 153
391 263
391 297
391 299
391 301
391 371
391 391
393 29
393 153
393 167
393 173
393 217
393 249
393 263
393 375
395 29
395 31
395 33
395 35
395 95
395 153
395 167
395 173
395 217
395 219
395 221
395 223
395 249
395 263
397 29
397 95
397 153
397 167
397 173
399 29
399 57
399 101
399 103
399 153
399 167
399 257
399 259
401 29
401 153
401 169
401 253
401 255
401 257
401 259
403 29
403 153
403 169
405 43
405 57
405 59
405 153
405 217
405 223
405 263
405 309
407 43
407 57
407 153
407 217
407 377
407 381
407 383
409 43
409 49
409 51
409 53
409 217
409 241
409 243
409 245
409 271
409 301
409 303
409 305
409 327
409 329
409 331
409 333
409 335
411 29
411 43
411 175
411 177
411 179
411 243
411 271
411 331
411 335
413 29
413 101
413 165
413 227
413 229
415 29
415 91
415 93
415 101
415 103
415 227
415 229
417 29
417 105
417 339
417 399
417 411
419 65
419 67
419 105
419 107
419 259
419 399
421 29
421 161
421 343
421 403
421 405
423 29
423 41
423 43
423 45
423 47
423 59
423 237
423 239
423 241
423 243
423 343
423 393
425 29
425 59
425 157
425 159
425 231
425 343
425 393
427 29
427 59
427 165
427 167
427 169
427 249
427 251
427 259
427 297
427 393
429 29
429 59
429 61
429 63
429 73
429 153
429 163
429 249
429 259
429 343
429 367
431 29
431 153
431 173
431 249
431 259
431 261
431 263
431 343
431 367
431 397
433 33
433 67
433 105
433 153
433 165
433 167
433 169
433 171
433 297
435 33
435 35
435 37
435 105
435 153
435 167
435 339
435 353
437 29
437 31
437 109
437 119
437 153
437 237
437 239
437 297
437 339
437 353
437 401
439 29
439 85
439 87
439 109
439 111
439 113
439 119
439 153
439 239
439 249
439 297
439 353
439 355
439 401
441 29
441 85
441 87
441 117
441 119
441 153
441 239
441 241
441 243
441 343
441 367
441 401
443 29
443 119
443 153
443 157
443 159
443 243
443 253
443 343
443 401
443 411
445 109
445 111
445 153
445 247
445 297
445 299
445 343
445 401
445 411
447 297
447 343
447 361
447 401
449 91
449 105
449 127
449 135
449 275
449 343
449 373
449 375
449 379
449 411
451 105
451 343
451 409
451 411
453 281
453 283
453 285
453 287
453 293
453 295
455 169
455 171
455 173
455 269
455 271
455 295
455 303
455 339
455 369
455 371
455 373
457 91
457 167
457 303
459 91
459 113
459 167
459 333
459 335
461 91
461 303
463 65
463 67
463 91
463 249
463 251
463 253
463 261
463 263
463 289
463 295
463 303
463 313
465 91
465 253
465 263
465 303
465 417
465 419
465 421
465 423
467 173
467 229
467 231
467 253
469 55
469 73
469 229
469 231
469 233
469 237
469 239
469 253
469 263
471 55
471 73
471 75
471 77
471 121
471 153
471 155
471 157
471 159
471 177
471 231
471 263
471 297
471 317
473 61
473 71
473 77
473 151
473 231
473 265
473 267
475 91
475 93
475 95
475 125
475 149
475 151
475 267
477 55
477 95
477 125
477 177
477 267
477 269
477 409
479 55
479 125
479 147
479 177
479 409
481 57
481 125
481 149
481 151
481 173
481 175
481 279
481 333
481 335
481 409
483 83
483 85
483 87
483 89
483 91
483 139
483 217
483 231
483 249
483 335
483 423
485 83
485 85
485 87
485 125
485 145
485 155
485 169
485 217
485 231
485 249
485 329
487 29
487 57
487 59
487 95
487 125
487 129
487 131
487 145
487 155
487 169
487 217
487 249
487 251
487 329
487 409
489 29
489 95
489 117
489 119
489 121
489 131
489 155
489 293
489 299
489 325
489 327
491 51
491 61
491 91
491 117
491 149
491 221
491 223
491 293
491 299
491 325
493 51
493 61
493 91
493 131
493 217
493 249
493 251
493 293
493 325
493 381
493 383
495 49
495 51
495 61
495 91
495 217
495 249
495 293
495 295
495 325
495 381
497 99
497 117
497 135
497 235
497 245
497 299
497 325
497 391
499 117
499 135
499 221
499 245
501 117
501 135
501 137
501 217
501 245
501 293
501 299
503 29
503 39
503 117
503 217
503 293
503 295
503 299
505 29
505 39
505 49
505 51
505 53
505 55
505 103
505 217
505 237
505 239
505 299
505 325
505 353
505 355
507 29
507 39
507 71
507 89
507 103
507 121
507 217
507 223
507 237
507 293
507 325
507 327
507 355
509 29
509 103
509 121
509 217
509 223
509 237
509 267
509 355
509 395
511 29
511 121
511 217
511 219
511 223
511 237
511 265
511 267
513 29
513 97
513 233
513 267
513 347
513 349
513 355
515 29
515 97
515 233
515 267
515 347
515 349
515 351
515 353
515 355
517 29
517 97
517 233
517 267
517 347
519 29
519 97
519 129
519 233
519 267
519 347
521 29
521 289
521 347
521 401
521 403
523 29
523 289
523 403
525 29
525 289
525 351
525 353
525 355
525 403
527 29
527 289
527 403
529 29
529 333
529 403
531 29
531 133
531 333
533 29
533 129
533 131
533 153
533 285
535 29
535 147
535 153
535 261
535 263
535 285
535 349
535 351
535 381
537 97
537 153
537 325
537 327
537 349
537 351
537 381
537 409
537 411
539 97
539 153
539 325
539 351
539 381
539 411
541 29
541 97
541 129
541 151
541 285
541 325
541 381
541 411
543 29
543 97
543 255
543 285
543 411
545 29
545 97
545 129
545 229
545 255
545 411
547 97
547 129
547 133
547 135
547 137
547 229
547 255
549 111
549 129
549 141
549 229
549 255
549 351
551 111
551 129
551 141
551 337
551 349
551 351
553 111
553 229
553 255
553 335
555 229
555 255
555 335
557 111
557 137
557 325
557 411
559 111
559 325
559 411
561 111
561 133
561 225
561 289
563 111
563 133
563 225
563 289
563 407
565 111
565 225
565 289
567 111
567 153
567 289
569 151
569 153
569 289
571 255
571 289
573 151
573 289
573 325
573 327
573 329
573 331
575 145
575 147
575 149
575 251
575 289
575 325
577 225
577 289
577 335
579 225
579 229
579 231
581 107
581 233
583 107
583 233
583 235
585 145
585 147
585 149
585 343
587 145
587 149
587 151
587 343
587 395
587 397
587 399
589 145
589 249
589 251
589 253
589 255
589 325
591 101
591 103
591 325
591 389
591 391
593 241
593 243
593 325
593 381
595 117
595 241
595 325
595 381
595 383
599 69
599 71
599 77
599 79
599 87
599 89
599 91
599 333
599 335
599 337
599 339
599 341
599 343
601 91
601 103
601 289
601 409
601 411
603 161
603 163
603 165
603 167
603 289
603 291
603 293
603 411
605 93
605 95
605 103
605 165
605 173
605 175
605 401
605 403
607 81
607 83
607 103
607 165
607 253
607 255
607 401
609 103
609 165
611 81
611 165
611 243
611 251
613 109
613 111
613 165
613 243
613 345
613 347
613 349
613 351
613 393
615 111
615 165
615 233
615 245
615 247
617 115
617 359
617 361
617 363
619 93
621 93
621 367
625 281
625 283
625 297
625 299
625 317
625 319
625 325
625 393
627 283
627 393
629 285
629 287
629 289
629 303
629 387
629 389
629 391
631 173
631 287
631 303
633 137
633 139
633 159
633 303
635 303
635 309
637 29
637 133
637 159
637 421
637 423
639 29
639 159
639 173
643 133
645 133
645 413
647 93
647 133
647 135
647 137
647 149
647 151
647 413
647 423
657 9
657 11
657 17
657 19
657 97
657 99
657 101
657 103
657 141
657 143
657 149
657 151
657 209
657 211
657 413
657 415
657 421
657 423
659 9
659 103
659 413
661 103
661 137
663 103
665 9
667 9
667 203
667 205
667 207
667 423
669 71
669 73
669 75
669 77
669 85
669 103
669 159
669 161
669 163
669 173
669 175
669 177
669 179
669 325
669 339
669 341
669 343
669 345
669 369
669 371
669 373
669 375
669 377
669 379
669 381
671 103
671 163
671 193
671 195
673 163
675 85
675 87
675 137
675 163
675 167
675 169
679 79
679 93
679 95
679 141
679 143
679 173
681 79
683 59
683 61
683 63
683 145
685 59
685 61
685 63
685 65
685 67
685 313
687 57
687 59
687 61
687 313
687 315
687 317
687 319
687 321
687 341
687 369
687 371
687 377
687 379
687 381
687 383
689 83
689 213
689 219
689 221
689 223
689 225
689 227
689 235
691 77
691 83
693 77
693 219
695 77
695 389
697 87
697 209
699 209
701 69
701 71
701 209
701 237
701 239
701 241
701 243
701 245
701 247
701 249
701 251
701 393
703 39
703 41
703 69
703 209
703 393
703 395
705 181
705 183
705 185
705 187
705 189
705 191
705 205
705 207
705 259
705 265
705 267
705 275
705 411
707 205
707 265
707 377
707 409
707 411
709 39
709 195
709 197
709 199
709 201
709 203
709 205
709 263
709 377
711 39
711 275
713 401
713 403
717 43
717 45
717 47
717 177
717 179
717 369
717 411
719 47
719 177
719 269
719 271
721 65
721 75
721 77
721 155
721 169
721 171
721 173
721 175
721 271
721 283
723 75
723 171
723 375
723 401
725 113
725 157
725 159
725 161
725 163
725 401
727 113
727 273
727 277
727 279
727 281
727 283
729 361
729 363
729 397
731 65
731 361
733 69
733 79
733 365
733 393
735 69
735 71
735 73
735 75
735 77
735 79
735 365
735 367
735 371
735 393
735 395
745 9
745 11
745 345
745 347
745 393
747 9
747 393
749 341
749 393
751 393
753 59
753 101
753 103
753 105
753 163
753 165
753 167
753 179
753 181
753 183
753 189
753 199
753 201
753 203
753 209
753 393
755 393
757 63
757 189
757 205
757 343
757 393
759 63
759 189
759 191
759 205
759 207
759 343
759 393
761 63
761 183
761 193
761 389
761 391
763 63
763 109
763 123
763 125
763 165
763 167
763 169
763 183
763 193
763 195
763 197
763 213
763 217
763 219
763 241
763 339
765 113
767 113
767 115
767 117
767 119
767 129
767 131
767 139
767 141
767 143
767 149
767 153
767 155
767 157
767 159
767 245
767 303
767 305
767 307
767 309
767 311
767 313
767 323
767 325
767 327
767 329
767 331
769 263
771 249
771 251
771 253
771 261
771 263
771 281
771 283
771 299
773 265
773 285
773 299
775 265
775 267
775 269
775 271
775 273
775 275
775 285
775 287
775 299
777 59
777 257
777 259
777 261
777 263
777 303
779 59
779 257
779 303
779 369
781 289
781 299
783 289
783 299
785 261
785 279
785 281
785 283
785 421
785 423
787 261
793 67
793 69
793 71
793 85
793 87
793 189
793 191
793 193
793 195
793 223
793 225
793 367
795 87
797 9
797 91
797 253
797 279
797 329
797 331
797 333
797 335
797 337
797 339
797 341
797 343
797 357
797 359
799 9
799 181
799 233
799 235
799 253
799 273
799 275
799 277
799 279
799 329
801 95
801 97
801 99
801 231
801 253
801 329
803 231
803 253
803 329
805 231
807 185
809 109
809 111
809 121
809 123
809 125
809 161
809 163
809 233
809 235
809 273
811 121
811 235
811 253
813 21
813 121
813 185
813 199
813 235
813 237
813 283
813 285
813 287
813 305
813 307
813 309
813 311
813 313
813 315
813 317
815 21
815 121
815 185
815 187
815 189
815 199
815 201
815 235
815 237
815 249
815 253
815 255
815 257
815 259
815 287
815 305
817 293
817 295
817 297
817 299
817 301
817 303
825 273
825 397
827 273
827 327
827 397
827 423
