41 241
41 249
41 257
41 265
41 281
57 81
57 89
57 97
57 273
57 337
57 345
57 353
57 361
57 369
65 121
65 201
65 297
65 353
73 177
73 289
73 297
73 385
81 137
81 177
81 289
81 297
81 305
81 313
81 321
81 329
81 337
81 345
89 137
89 169
89 177
89 185
89 249
89 257
89 265
89 337
89 401
97 137
97 185
97 249
97 393
97 401
105 137
105 217
105 401
113 345
113 393
113 401
121 345
121 353
121 393
121 401
129 345
129 393
129 401
137 145
137 345
137 385
137 393
137 401
145 73
145 329
145 377
145 401
153 49
153 57
153 65
153 73
153 97
153 105
153 241
153 289
153 297
153 305
153 313
153 321
153 329
153 353
153 361
153 369
153 377
153 401
161 129
161 153
161 217
161 225
161 233
161 241
161 249
161 257
161 289
161 297
161 329
161 337
161 345
161 353
161 361
161 401
169 153
169 161
169 217
169 225
169 265
169 289
169 329
169 401
177 161
177 217
177 225
177 329
177 385
177 393
185 73
185 137
185 145
185 153
185 161
185 217
185 329
185 337
185 345
193 65
193 161
193 217
201 321
209 105
209 401
217 105
217 113
217 121
217 401
225 113
225 121
225 153
225 321
225 329
233 89
233 153
233 161
233 217
233 273
233 329
233 337
233 393
241 89
241 217
241 225
241 329
241 337
241 345
241 393
249 89
249 153
249 289
249 305
249 329
249 337
249 401
257 89
257 97
257 153
257 161
257 217
257 281
257 289
257 329
265 89
265 105
265 113
265 153
265 217
265 281
265 289
265 329
273 89
273 281
273 289
273 329
273 401
281 89
281 113
281 153
281 281
281 289
281 329
289 153
289 161
289 217
289 225
289 289
289 329
297 153
297 217
297 225
297 289
305 97
305 153
305 217
305 225
305 233
305 409
305 417
313 97
313 153
313 329
313 409
313 417
321 57
321 217
329 161
337 65
337 281
345 281
345 329
345 401
353 113
353 145
353 281
353 329
353 401
361 49
361 57
361 145
361 225
361 233
361 273
361 281
361 289
361 393
361 401
369 41
369 49
369 57
369 65
369 81
369 89
369 113
369 217
369 289
369 337
369 401
377 57
377 337
377 401
385 49
385 393
385 401
393 49
393 241
393 265
393 273
393 281
393 289
393 297
393 305
393 313
393 353
393 393
393 401
401 49
401 225
401 233
401 241
401 265
401 289
401 297
401 321
401 329
401 401
409 153
409 289
409 369
409 377
409 401
417 97
417 153
417 289
417 345
417 385
425 65
425 97
425 233
425 241
425 265
425 289
425 345
425 385
433 97
433 241
433 289
433 345
441 89
441 97
441 289
441 345
441 353
449 97
449 345
457 57
457 97
457 105
457 273
457 337
457 345
457 369
457 377
457 401
465 57
465 65
465 113
465 241
465 265
465 289
465 305
465 329
465 353
465 361
465 369
465 377
465 401
465 409
473 113
473 153
473 161
473 169
473 241
473 289
473 329
473 401
481 113
481 161
481 233
481 241
481 281
481 289
481 401
489 137
489 233
489 241
489 281
489 401
497 49
497 105
497 393
497 401
505 105
505 113
505 225
505 329
505 401
513 105
513 217
513 225
513 289
513 329
513 401
521 97
521 105
521 217
521 225
521 329
529 97
529 105
529 217
529 225
537 105
537 217
537 225
537 265
537 273
545 217
553 129
553 217
553 337
553 345
561 217
561 329
569 129
569 217
569 401
577 217
577 249
577 345
577 401
585 105
585 217
585 225
585 233
585 241
585 345
585 401
593 105
593 217
593 225
593 233
593 345
593 401
601 105
601 113
601 121
601 217
601 225
601 305
601 313
601 321
601 329
601 337
601 345
601 353
601 361
601 369
601 377
609 113
609 121
609 217
609 225
609 321
609 329
609 337
609 353
609 361
609 385
617 121
617 161
617 217
617 225
617 233
617 241
617 249
617 321
617 385
625 129
625 137
625 145
625 153
625 161
625 217
625 305
633 161
633 217
641 217
649 217
657 105
657 129
657 217
665 105
665 129
665 209
665 217
673 129
681 81
681 89
681 129
681 137
681 161
681 169
681 305
689 89
689 201
689 289
689 329
689 353
697 89
697 201
697 289
697 329
697 353
697 385
705 65
705 281
705 369
705 401
713 65
713 73
713 281
721 49
721 57
721 81
721 89
721 97
721 105
721 289
721 297
721 305
721 313
721 321
721 329
721 337
721 345
721 353
721 377
721 385
721 393
729 81
729 345
729 353
729 385
737 345
737 385
745 385
753 345
753 385
761 97
761 185
761 201
761 345
769 57
769 65
769 73
769 113
769 121
769 177
769 185
769 193
769 201
769 241
769 305
769 313
769 353
769 361
777 201
777 273
777 281
777 353
785 81
785 89
785 201
785 209
785 217
785 225
785 289
785 329
785 337
785 345
785 353
793 113
793 121
793 241
793 289
793 297
793 305
793 313
793 321
801 105
801 113
801 121
801 161
801 169
801 177
801 233
801 241
801 265
801 273
801 281
801 305
801 313
801 321
809 113
809 169
809 177
809 241
809 265
